time	Vg	Id(=Ig)	Ig(=Id)
0.537604	-0.800054	6.58716e-05	4.32633e-06
0.6364132	-0.800053	6.64891e-05	6.87236e-07
0.7110316	-0.800053	6.71622e-05	5.42035e-07
0.847092	-0.800055	6.78342e-05	4.51489e-07
0.9697062	-0.800054	6.84218e-05	3.8918e-07
1.0864212	-0.800053	6.89577e-05	3.47642e-07
1.2242275	-0.800054	6.94682e-05	3.16599e-07
1.3573805	-0.800054	6.99513e-05	2.88591e-07
1.4704665	-0.800054	7.03901e-05	2.6869e-07
2.219934	-0.800054	7.1696e-05	2.18652e-07
2.0933985	-0.800054	7.21142e-05	2.08148e-07
2.2071735	-0.800055	7.25152e-05	1.96366e-07
2.3148964	-0.800057	7.28128e-05	1.8894e-07
2.4842983	-0.800056	7.31272e-05	1.82174e-07
2.5862704	-0.800055	7.34348e-05	1.74369e-07
2.7558912	-0.800055	7.37389e-05	1.69135e-07
2.845858	-0.800057	7.40233e-05	1.63262e-07
2.9554189	-0.800055	7.42598e-05	1.58611e-07
3.108111	-0.800053	7.45353e-05	1.53709e-07
3.2275064	-0.800054	7.47798e-05	1.49792e-07
3.3473067	-0.800055	7.50192e-05	1.468e-07
3.4731823	-0.800053	7.5245e-05	1.43472e-07
3.6031936	-0.800053	7.54839e-05	1.40041e-07
3.7509179	-0.800055	7.57076e-05	1.36137e-07
3.8366032	-0.800053	7.59218e-05	1.33339e-07
3.9586	-0.800053	7.61163e-05	1.30452e-07
4.1265139	-0.800053	7.63522e-05	1.27776e-07
4.239336	-0.800053	7.65583e-05	1.2521e-07
4.367002	-0.800054	7.6766e-05	1.2254e-07
4.4929602	-0.800054	7.69606e-05	1.20503e-07
4.6121458	-0.800054	7.71464e-05	1.18353e-07
4.769407	-0.800055	7.73584e-05	1.15906e-07
4.8822707	-0.800055	7.75308e-05	1.13985e-07
4.9904693	-0.800055	7.77086e-05	1.12392e-07
5.1096754	-0.800054	7.78666e-05	1.10647e-07
5.2698239	0.0999284	1.76021e-05	7.68532e-06
5.4159277	0.0999286	1.5329e-05	1.08739e-06
5.5714988	0.099929	1.49002e-05	3.04022e-07
5.684592	0.0999295	1.47751e-05	1.62806e-07
5.7935025	0.0999303	1.47049e-05	1.06633e-07
6.0489613	0.0999301	1.46461e-05	3.87736e-08
6.1247389	0.0999301	1.46201e-05	3.49376e-08
6.2853326	0.0999311	1.46008e-05	3.24634e-08
6.4010615	0.0999281	1.45828e-05	3.06527e-08
6.534235	0.0999274	1.45694e-05	2.90775e-08
6.694863	0.0999294	1.45589e-05	2.81024e-08
6.8083809	0.0999292	1.45484e-05	2.75591e-08
6.9713659	0.0999281	1.45414e-05	2.68547e-08
7.1185508	0.0999273	1.45342e-05	2.65132e-08
7.2108358	0.0999266	1.45272e-05	2.59529e-08
7.3476269	0.0999273	1.45221e-05	2.56628e-08
7.4797739	0.0999275	1.45162e-05	2.53773e-08
7.6421405	0.0999279	1.45114e-05	2.49409e-08
7.760473	0.0999276	1.45065e-05	2.49275e-08
7.8847024	0.0999269	1.4502e-05	2.44273e-08
8.0255316	0.0999267	1.44976e-05	2.44186e-08
8.184551	0.099928	1.4494e-05	2.39819e-08
8.3182817	-0.800054	8.15883e-05	7.29232e-06
8.4398035	-0.800054	7.72281e-05	1.23984e-06
8.6115388	-0.800052	7.71952e-05	4.78774e-07
8.7229787	-0.800054	7.75138e-05	3.332e-07
8.881566	-0.800054	7.78648e-05	2.69783e-07
8.9962283	-0.800053	7.82147e-05	2.30945e-07
9.1290423	-0.800052	7.84924e-05	2.05597e-07
9.2582783	-0.800052	7.87877e-05	1.87144e-07
9.3843023	-0.800053	7.90379e-05	1.71831e-07
9.5031898	-0.800052	7.92637e-05	1.61343e-07
9.6523544	-0.800051	7.94973e-05	1.52066e-07
9.7568644	-0.800051	7.97105e-05	1.44114e-07
9.9280573	-0.800052	7.9916e-05	1.37272e-07
10.0250181	-0.800051	8.01236e-05	1.30517e-07
10.1511292	-0.800051	8.03037e-05	1.25868e-07
10.2852175	-0.80005	8.04732e-05	1.21369e-07
10.4109233	-0.80005	8.06572e-05	1.16871e-07
10.5344375	-0.800051	8.08166e-05	1.13598e-07
10.653167	-0.800053	8.09743e-05	1.10551e-07
10.7937433	-0.800053	8.11314e-05	1.07607e-07
10.9201543	-0.800052	8.12923e-05	1.04412e-07
11.0285163	-0.800053	8.14285e-05	1.02317e-07
11.2954664	-0.800051	8.16405e-05	2.53205e-08
11.3548644	-0.80005	8.17848e-05	2.42779e-08
11.4717436	-0.800049	8.19158e-05	2.31073e-08
11.6107017	-0.800048	8.20521e-05	2.28139e-08
11.7359417	-0.800048	8.21821e-05	2.12228e-08
11.864021	-0.800048	8.23114e-05	2.10791e-08
11.9854304	-0.800047	8.24346e-05	2.00185e-08
12.1114818	-0.800048	8.2553e-05	1.91745e-08
12.2392347	-0.800048	8.26768e-05	1.89001e-08
12.3398037	-0.800048	8.2784e-05	1.7892e-08
12.4803882	-0.800048	8.28949e-05	1.76719e-08
12.5960111	-0.800049	8.30063e-05	1.70507e-08
12.7139096	-0.800047	8.31129e-05	1.6375e-08
12.8363018	-0.800048	8.3217e-05	1.6054e-08
13.0440145	-0.80005	8.33239e-05	1.48972e-08
13.1185091	-0.800049	8.3452e-05	1.50729e-08
13.2189747	-0.800049	8.35492e-05	1.42201e-08
13.417902	0.099932	1.74957e-05	7.8364e-06
13.4970961	0.0999333	1.56595e-05	1.20093e-06
13.6572488	0.0999324	1.52009e-05	3.52477e-07
13.7775547	0.0999311	1.50544e-05	1.88601e-07
13.8758935	0.0999307	1.49745e-05	1.27539e-07
14.1317904	0.0999313	1.4909e-05	4.33892e-08
14.2168205	0.099931	1.48789e-05	3.94141e-08
14.3407763	0.0999301	1.48569e-05	3.66276e-08
14.4737666	0.0999288	1.48393e-05	3.4545e-08
14.5876589	0.0999304	1.4826e-05	3.30885e-08
14.7036144	0.0999306	1.48151e-05	3.21117e-08
14.834956	0.0999311	1.48053e-05	3.12267e-08
14.9512727	0.0999311	1.47965e-05	3.03945e-08
15.0831988	0.099932	1.47892e-05	2.94634e-08
15.3092596	0.099931	1.47805e-05	2.87715e-08
15.3561227	0.0999331	1.47751e-05	2.7947e-08
15.4952676	0.0999319	1.47702e-05	2.7433e-08
15.6013753	0.0999329	1.47643e-05	2.69295e-08
15.744341	0.099935	1.47595e-05	2.64686e-08
15.8520104	0.0999346	1.4756e-05	2.5946e-08
15.9892713	0.099934	1.47521e-05	2.58211e-08
16.1011146	0.0999329	1.47479e-05	2.54641e-08
16.2139183	0.0999323	1.47443e-05	2.49864e-08
16.3697284	-0.800048	8.74049e-05	7.58548e-06
16.4609841	-0.800047	8.30252e-05	1.45361e-06
16.6520855	-0.800046	8.2666e-05	4.72428e-07
16.7347529	-0.800046	8.28195e-05	3.04954e-07
16.8679281	-0.800046	8.3018e-05	2.41636e-07
16.9800676	-0.800047	8.32216e-05	2.04423e-07
17.1219728	-0.800047	8.34186e-05	1.80149e-07
17.2362624	-0.800047	8.36138e-05	1.62392e-07
17.3773133	-0.800047	8.37929e-05	1.48933e-07
17.4898906	-0.800049	8.39693e-05	1.37448e-07
17.6817798	-0.800048	8.41767e-05	1.27025e-07
17.7891847	-0.800047	8.43266e-05	1.20487e-07
17.9125801	-0.800048	8.44841e-05	1.13728e-07
18.0306534	-0.800048	8.46203e-05	1.08132e-07
18.1570334	-0.800048	8.47553e-05	1.03312e-07
18.3960636	-0.800049	8.49349e-05	2.52217e-08
18.4876496	-0.800049	8.50709e-05	2.30872e-08
18.6043404	-0.80005	8.51842e-05	2.16613e-08
18.7264226	-0.800049	8.53013e-05	2.03732e-08
18.8507166	-0.800049	8.54096e-05	1.87407e-08
18.9903983	-0.800048	8.552e-05	1.84591e-08
19.1054116	-0.800048	8.56237e-05	1.66356e-08
19.2419911	-0.800048	8.57326e-05	1.61541e-08
19.3516691	-0.800048	8.58287e-05	1.52203e-08
19.4902948	-0.800048	8.59253e-05	1.41148e-08
19.5993635	-0.800048	8.60168e-05	1.38541e-08
19.7341906	-0.800048	8.61097e-05	1.27527e-08
19.8498875	-0.800048	8.62023e-05	1.21803e-08
19.994609	-0.800048	8.62945e-05	1.14829e-08
20.0753461	-0.800049	8.63703e-05	1.0907e-08
20.1928749	-0.800049	8.64438e-05	1.07664e-08
20.2930836	-0.800048	8.65201e-05	9.67287e-09
20.401218	-0.800049	8.65901e-05	9.53115e-09
20.5148957	-0.80005	8.66628e-05	9.61891e-09
20.6643827	-0.800048	8.67478e-05	8.60397e-09
20.7728596	-0.800047	8.68237e-05	8.4601e-09
20.8958743	-0.800048	8.68968e-05	8.16709e-09
21.0260254	-0.800048	8.69706e-05	7.18502e-09
21.1650691	-0.800048	8.70535e-05	7.45445e-09
21.2992122	-0.800046	8.71336e-05	6.55663e-09
21.4424406	0.0999326	1.82994e-05	8.09807e-06
21.547091	0.0999345	1.5866e-05	1.48595e-06
21.6930305	0.0999341	1.53417e-05	4.07408e-07
21.8026167	0.0999331	1.51837e-05	2.07841e-07
21.9376171	0.0999329	1.50981e-05	1.33493e-07
22.050792	0.0999321	1.50493e-05	1.02027e-07
22.3104582	0.0999317	1.50028e-05	4.02301e-08
22.3675809	0.0999321	1.49822e-05	3.74518e-08
22.519496	0.0999307	1.49641e-05	3.53285e-08
22.6302905	0.0999316	1.49496e-05	3.37042e-08
22.7518781	0.0999334	1.49386e-05	3.25409e-08
22.8751372	0.0999337	1.49292e-05	3.15395e-08
22.9902983	0.0999327	1.49212e-05	3.06506e-08
23.1079302	0.0999335	1.49144e-05	2.98734e-08
23.2510579	0.0999334	1.49086e-05	2.91279e-08
23.3671355	0.0999342	1.49019e-05	2.87635e-08
23.4984597	0.0999343	1.48969e-05	2.81211e-08
23.636965	0.0999339	1.48916e-05	2.75928e-08
23.7964899	0.0999331	1.48862e-05	2.70205e-08
23.8715194	0.0999346	1.48824e-05	2.66749e-08
23.9931164	0.0999341	1.488e-05	2.65845e-08
24.0952895	0.0999332	1.48761e-05	2.6255e-08
24.2346781	0.0999341	1.48732e-05	2.57643e-08
24.3235727	0.0999356	1.48706e-05	2.5656e-08
24.4884728	-0.800045	9.14137e-05	7.84879e-06
24.602541	-0.800046	8.6535e-05	1.38281e-06
24.7769052	-0.800046	8.61493e-05	4.18017e-07
24.8736018	-0.800045	8.62428e-05	2.81358e-07
24.9991534	-0.800046	8.63914e-05	2.17901e-07
25.1476829	-0.800046	8.65646e-05	1.81921e-07
25.3023175	-0.800046	8.67247e-05	1.58696e-07
25.4142936	-0.800047	8.68956e-05	1.41154e-07
25.5728333	-0.800046	8.70518e-05	1.29345e-07
25.6795858	-0.800046	8.71898e-05	1.19063e-07
25.8015046	-0.800045	8.73151e-05	1.11329e-07
25.9777845	-0.800044	8.74419e-05	1.0459e-07
26.2198631	-0.800044	8.76344e-05	2.36992e-08
26.2855875	-0.800045	8.77492e-05	2.18174e-08
26.4129739	-0.800044	8.78504e-05	2.00421e-08
26.545138	-0.800043	8.79497e-05	1.80658e-08
26.6617385	-0.800043	8.80523e-05	1.72158e-08
26.7777808	-0.800042	8.81371e-05	1.51679e-08
26.8950821	-0.800043	8.82223e-05	1.43786e-08
27.0249975	-0.800041	8.83087e-05	1.32889e-08
27.179082	-0.800043	8.83959e-05	1.21142e-08
27.2986174	-0.800041	8.84877e-05	1.14789e-08
27.4426967	-0.800043	8.85752e-05	1.00304e-08
27.5435599	-0.800043	8.86472e-05	9.67203e-09
27.6855864	-0.800043	8.87244e-05	8.99082e-09
27.7921224	-0.800043	8.87967e-05	7.94635e-09
28.0046054	-0.800047	8.887e-05	7.68131e-09
28.056971	-0.800046	8.89552e-05	6.64469e-09
28.2233687	-0.800048	8.90294e-05	6.61647e-09
28.3364021	-0.800046	8.90982e-05	5.22939e-09
28.4567556	-0.800048	8.91604e-05	5.26291e-09
28.5893062	-0.800046	8.9228e-05	4.78479e-09
28.7146417	-0.800049	8.92935e-05	4.11502e-09
28.8372026	-0.80005	8.93566e-05	4.11737e-09
28.9827878	-0.800049	8.94229e-05	3.24255e-09
29.1127673	-0.800048	8.9486e-05	3.3589e-09
29.2368798	-0.800047	8.95452e-05	2.5378e-09
29.3509511	-0.800046	8.96016e-05	2.39159e-09
29.5197561	0.0999364	1.82874e-05	8.29089e-06
29.6098734	0.0999358	1.59339e-05	1.43829e-06
29.7968726	0.0999365	1.53858e-05	3.7288e-07
29.9013472	0.0999348	1.52337e-05	1.87982e-07
30.0254571	0.0999351	1.51608e-05	1.24103e-07
30.2519152	0.0999349	1.51002e-05	4.33273e-08
30.4079197	0.0999354	1.50685e-05	3.98266e-08
30.4817709	0.0999353	1.50511e-05	3.62077e-08
30.6068815	0.0999363	1.5036e-05	3.46016e-08
30.7329016	0.0999347	1.5024e-05	3.32645e-08
30.8656671	0.0999337	1.50131e-05	3.22759e-08
30.9888253	0.099934	1.50046e-05	3.1182e-08
31.1558612	0.0999342	1.49976e-05	3.01691e-08
31.2598968	0.099936	1.49902e-05	2.92725e-08
31.4417272	0.0999354	1.49845e-05	2.85514e-08
31.512582	0.0999352	1.49791e-05	2.80791e-08
31.6080018	0.0999354	1.49755e-05	2.76186e-08
31.7199251	0.0999352	1.49722e-05	2.73553e-08
31.8257167	0.0999358	1.49693e-05	2.69928e-08
31.9447867	0.099935	1.49661e-05	2.65615e-08
32.0607927	0.0999351	1.49625e-05	2.64678e-08
32.1681251	0.0999339	1.49594e-05	2.58707e-08
32.2899457	0.099934	1.49562e-05	2.56813e-08
32.4288001	0.0999362	1.49535e-05	2.5425e-08
32.5724565	-0.800045	9.44093e-05	8.05158e-06
32.6919508	-0.800045	8.90009e-05	1.38977e-06
32.8552012	-0.800045	8.85671e-05	4.26854e-07
32.9540629	-0.800044	8.86217e-05	2.71873e-07
33.1348106	-0.800044	8.87443e-05	2.00002e-07
33.2506522	-0.800043	8.88948e-05	1.63287e-07
33.3729079	-0.800042	8.90225e-05	1.45421e-07
33.4955378	-0.800042	8.9141e-05	1.30805e-07
33.611349	-0.800042	8.92568e-05	1.19715e-07
33.7329002	-0.800044	8.93667e-05	1.11712e-07
33.8791521	-0.800043	8.94762e-05	1.03839e-07
34.1258076	-0.800041	8.96312e-05	2.3419e-08
34.1967168	-0.800042	8.97316e-05	2.08199e-08
34.3128137	-0.800042	8.98219e-05	1.8659e-08
34.4470302	-0.800042	8.9912e-05	1.71389e-08
34.5593315	-0.800042	8.99893e-05	1.49561e-08
34.6901336	-0.800044	9.00764e-05	1.42688e-08
34.8119705	-0.800042	9.01558e-05	1.25643e-08
34.943248	-0.800041	9.0231e-05	1.10923e-08
35.0488327	-0.800041	9.03004e-05	1.01523e-08
35.1878135	-0.800041	9.03734e-05	9.11056e-09
35.3526206	-0.80004	9.0456e-05	8.54092e-09
35.4971698	-0.800041	9.05321e-05	7.04597e-09
35.5933075	-0.800041	9.05934e-05	6.54927e-09
35.7380744	-0.800041	9.06582e-05	6.10198e-09
35.8480147	-0.800042	9.07222e-05	4.82425e-09
35.9806356	-0.800042	9.07803e-05	4.75904e-09
36.1081032	-0.800041	9.08401e-05	3.61485e-09
36.2303645	-0.80004	9.09002e-05	3.40586e-09
36.3593438	-0.800041	9.09539e-05	3.07069e-09
36.5259032	-0.800041	9.10137e-05	2.52813e-09
36.6106295	-0.800041	9.10652e-05	2.24922e-09
36.717081	-0.80004	9.11153e-05	1.48088e-09
36.8415328	-0.800039	9.11633e-05	1.32254e-09
36.9389474	-0.800042	9.1209e-05	1.02384e-09
37.0563985	-0.800039	9.12529e-05	3.76976e-10
37.1991798	-0.80004	9.13046e-05	7.30741e-10
37.3024613	-0.80004	9.13488e-05	2.7504e-10
37.4072637	-0.800039	9.13945e-05	4.01104e-10
37.5738263	0.0999388	1.86832e-05	8.45169e-06
37.680488	0.0999389	1.59723e-05	1.49733e-06
37.8560459	0.099939	1.5447e-05	3.97577e-07
37.9754098	0.0999389	1.52858e-05	1.89326e-07
38.1024351	0.0999389	1.5212e-05	1.23959e-07
38.3373862	0.0999381	1.51535e-05	4.27969e-08
38.4065173	0.0999386	1.51284e-05	3.92723e-08
38.5278373	0.0999409	1.51097e-05	3.64602e-08
38.6502634	0.0999399	1.50952e-05	3.46288e-08
38.7879779	0.0999402	1.50833e-05	3.31768e-08
38.9060998	0.0999388	1.50749e-05	3.1798e-08
39.0433378	0.0999396	1.50662e-05	3.09407e-08
39.1532988	0.09994	1.50588e-05	3.00818e-08
39.2862367	0.0999395	1.50519e-05	2.90681e-08
39.4200706	0.0999392	1.50457e-05	2.85404e-08
39.5452528	0.0999389	1.50413e-05	2.79131e-08
39.7231244	0.0999402	1.50362e-05	2.72702e-08
39.8546272	0.0999401	1.5032e-05	2.70165e-08
39.9852834	0.0999398	1.50278e-05	2.63803e-08
40.179943	0.099942	1.50242e-05	2.61033e-08
40.238367	0.0999406	1.50208e-05	2.54505e-08
40.3512779	0.0999421	1.50182e-05	2.55672e-08
40.469051	0.0999433	1.50164e-05	2.5015e-08
40.61431	0.0999423	1.50125e-05	2.45611e-08
40.77131	0.0999431	1.50101e-05	2.44155e-08
40.8871981	0.0999437	1.50076e-05	2.40705e-08
41.0153645	0.0999425	1.50055e-05	2.40658e-08
41.1496109	0.0999413	1.50035e-05	2.38434e-08
41.3104731	0.0999419	1.50014e-05	2.36601e-08
41.4555127	0.0999421	1.49992e-05	2.34418e-08
41.5474996	0.0999426	1.4997e-05	2.3213e-08
41.7204951	0.0999418	1.49953e-05	2.31372e-08
41.8668292	0.099944	1.49932e-05	2.28323e-08
42.0068983	0.0999434	1.49911e-05	2.28343e-08
42.1350448	0.0999435	1.499e-05	2.25932e-08
42.2788042	0.0999444	1.49884e-05	2.25264e-08
42.469226	0.0999441	1.49864e-05	2.22073e-08
42.5944454	0.0999427	1.49843e-05	2.22517e-08
42.7333008	0.0999426	1.49832e-05	2.19603e-08
42.8817205	0.0999441	1.49816e-05	2.20978e-08
43.0876788	0.0999431	1.49805e-05	2.17914e-08
43.1296016	0.0999431	1.49785e-05	2.17544e-08
43.241849	0.0999423	1.49777e-05	2.15311e-08
43.4465506	0.0999421	1.49763e-05	2.15031e-08
43.5468035	0.0999423	1.4975e-05	2.13146e-08
43.7149656	0.0999432	1.49741e-05	2.11731e-08
43.8612063	0.0999429	1.49726e-05	2.13694e-08
43.9598233	0.0999423	1.49719e-05	2.08629e-08
44.1230725	0.0999406	1.49698e-05	2.11464e-08
44.3003151	0.0999419	1.49694e-05	2.08386e-08
44.3991405	0.0999416	1.49674e-05	2.09839e-08
44.5296142	0.0999413	1.49672e-05	2.07499e-08
44.689181	0.0999411	1.49659e-05	2.07145e-08
44.8034731	0.0999402	1.49648e-05	2.06181e-08
44.9653882	0.0999415	1.49639e-05	2.053e-08
45.0638473	0.099942	1.49633e-05	2.06921e-08
45.2015388	0.0999426	1.49625e-05	2.04882e-08
45.4327266	0.0999427	1.49611e-05	2.06309e-08
45.5333484	0.099943	1.49607e-05	2.03588e-08
45.6536486	0.0999434	1.4959e-05	2.05047e-08
45.7847967	0.0999415	1.49587e-05	2.01541e-08
45.9086286	0.0999412	1.49575e-05	2.02319e-08
46.0433621	0.0999411	1.49569e-05	2.02857e-08
46.1821184	0.0999432	1.49565e-05	2.01288e-08
46.3395876	0.0999433	1.4955e-05	2.02489e-08
46.5021141	0.0999435	1.49553e-05	1.99563e-08
46.5754185	0.0999442	1.49548e-05	2.01173e-08
46.6831722	0.0999455	1.49536e-05	1.97953e-08
46.8364988	0.099945	1.49533e-05	1.9908e-08
46.9281179	0.0999443	1.49526e-05	1.99135e-08
47.0396603	0.0999439	1.49523e-05	1.97444e-08
47.193189	0.0999449	1.49514e-05	1.9908e-08
47.2831483	0.099946	1.49507e-05	1.96217e-08
47.3931874	0.0999449	1.495e-05	1.96383e-08
47.4928056	0.0999445	1.495e-05	1.98091e-08
47.6290826	0.0999457	1.49487e-05	1.94364e-08
47.7381473	0.0999465	1.49492e-05	1.96447e-08
47.8425375	0.0999466	1.49484e-05	1.96571e-08
47.9688573	0.0999472	1.49483e-05	1.93956e-08
48.0948136	0.0999469	1.49477e-05	1.95392e-08
48.2035205	0.0999467	1.49475e-05	1.94776e-08
48.325268	0.0999455	1.49472e-05	1.9278e-08
48.4328196	0.0999458	1.4946e-05	1.96007e-08
48.543756	0.099947	1.49458e-05	1.92898e-08
48.6493057	0.0999476	1.49455e-05	1.93879e-08
48.7994116	0.0999474	1.4945e-05	1.94397e-08
48.9220721	0.0999466	1.49442e-05	1.9188e-08
49.0415237	0.0999472	1.49435e-05	1.95028e-08
49.1608564	0.0999476	1.49435e-05	1.92402e-08
49.3020782	0.0999472	1.49416e-05	1.92858e-08
49.4194395	0.0999465	1.49411e-05	1.93504e-08
49.5586512	0.0999469	1.49411e-05	1.90641e-08
49.7134269	0.0999445	1.49409e-05	1.93622e-08
49.8161761	0.0999438	1.494e-05	1.90382e-08
49.9900195	0.0999427	1.49396e-05	1.91399e-08
50.0939554	0.0999424	1.49394e-05	1.9072e-08
50.232776	0.0999441	1.4938e-05	1.90575e-08
50.3711486	0.099944	1.49383e-05	1.91638e-08
50.509217	0.0999454	1.49372e-05	1.89771e-08
50.6651317	-0.800033	9.37379e-05	8.13122e-06
50.7679828	-0.800033	8.94739e-05	1.28416e-06
50.9551601	-0.800034	8.90653e-05	4.17734e-07
51.0520897	-0.800033	8.91249e-05	2.79855e-07
51.1941847	-0.800033	8.92545e-05	2.20433e-07
51.2910082	-0.800033	8.93855e-05	1.85387e-07
51.4596655	-0.800032	8.95227e-05	1.64829e-07
51.5575762	-0.800033	8.9662e-05	1.47573e-07
51.7012826	-0.800031	8.97946e-05	1.36157e-07
51.8341988	-0.800034	8.99294e-05	1.25625e-07
51.9637925	-0.800033	9.00609e-05	1.17298e-07
52.0968822	-0.800034	9.01771e-05	1.10544e-07
52.2776809	-0.800033	9.03249e-05	1.02228e-07
52.5226607	-0.800031	9.04859e-05	2.38696e-08
52.5799348	-0.800031	9.05937e-05	2.16317e-08
52.7020818	-0.800031	9.06903e-05	1.98526e-08
52.8276049	-0.800032	9.07861e-05	1.81505e-08
52.9691281	-0.800031	9.08722e-05	1.69798e-08
53.0998982	-0.80003	9.09679e-05	1.47362e-08
53.2632667	-0.80003	9.10628e-05	1.39288e-08
53.4047584	-0.80003	9.11592e-05	1.23282e-08
53.4998612	-0.80003	9.124e-05	1.13789e-08
53.6444724	-0.800031	9.13212e-05	1.06147e-08
53.8116622	-0.80003	9.14082e-05	9.21309e-09
53.9525732	-0.80003	9.14842e-05	8.79808e-09
54.0344114	-0.80003	9.15546e-05	7.28984e-09
54.1806289	-0.80003	9.16228e-05	7.05067e-09
54.3277385	-0.800031	9.16954e-05	6.1525e-09
54.4477175	-0.80003	9.1759e-05	5.75672e-09
54.6103831	-0.80003	9.18263e-05	4.94714e-09
54.7097752	-0.800029	9.18938e-05	4.22491e-09
54.8456779	-0.80003	9.1951e-05	3.99492e-09
54.9744922	-0.80003	9.20149e-05	2.93361e-09
55.0884706	-0.800029	9.20655e-05	2.92612e-09
55.2263923	-0.800028	9.21253e-05	2.14078e-09
55.3530767	-0.80003	9.21766e-05	1.76233e-09
55.5175436	-0.800028	9.22324e-05	1.47258e-09
55.6874153	0.0999473	1.78711e-05	8.47662e-06
55.7937394	0.0999477	1.58719e-05	1.12793e-06
55.9625485	0.0999474	1.54184e-05	2.95422e-07
56.0667342	0.0999481	1.5294e-05	1.5404e-07
56.2071141	0.0999453	1.52308e-05	1.06164e-07
56.4620545	0.0999462	1.5177e-05	3.91903e-08
56.5071338	0.0999456	1.51558e-05	3.56384e-08
56.6489478	0.0999473	1.514e-05	3.36835e-08
56.755873	0.0999491	1.51268e-05	3.2225e-08
56.8975141	0.0999503	1.51167e-05	3.11492e-08
57.0043427	0.0999494	1.51081e-05	2.99014e-08
57.1394211	0.0999504	1.51003e-05	2.91176e-08
57.2267116	0.0999493	1.50947e-05	2.84599e-08
57.3463858	0.0999482	1.50903e-05	2.80137e-08
57.5399015	0.0999481	1.50843e-05	2.74752e-08
57.5951632	0.0999488	1.508e-05	2.70314e-08
57.7237254	0.0999491	1.50761e-05	2.66595e-08
57.8688792	0.0999499	1.50727e-05	2.6159e-08
58.06338	0.0999508	1.50699e-05	2.59409e-08
58.1882143	0.0999484	1.50647e-05	2.52952e-08
58.3073637	0.0999498	1.50626e-05	2.50564e-08
58.4390096	0.0999488	1.50591e-05	2.46671e-08
58.569304	0.0999504	1.50571e-05	2.44179e-08
58.7234127	-0.800034	9.62389e-05	8.21805e-06
58.8538176	-0.800033	9.19391e-05	1.35065e-06
59.0086963	-0.800034	9.14283e-05	3.87651e-07
59.0958667	-0.800033	9.14551e-05	2.52054e-07
59.2395913	-0.800032	9.15302e-05	1.94285e-07
59.3691285	-0.800032	9.16249e-05	1.6048e-07
59.5005876	-0.800033	9.17367e-05	1.38438e-07
59.6268925	-0.800032	9.18454e-05	1.24093e-07
59.7604637	-0.800032	9.19376e-05	1.12607e-07
59.8880011	-0.800032	9.20389e-05	1.03432e-07
60.1407787	-0.800031	9.21637e-05	2.27507e-08
60.2109918	-0.800031	9.22585e-05	1.96701e-08
60.417108	-0.800032	9.23675e-05	1.79184e-08
60.5069044	-0.800032	9.24416e-05	1.48186e-08
60.6416438	-0.800032	9.25205e-05	1.35833e-08
60.7770327	-0.800031	9.25893e-05	1.15384e-08
60.9330134	-0.800032	9.26686e-05	1.03648e-08
61.0479081	-0.800033	9.27425e-05	8.73963e-09
61.1892245	-0.800031	9.2808e-05	7.5051e-09
61.3160736	-0.800032	9.28682e-05	7.21082e-09
61.4455276	-0.800033	9.29331e-05	5.45958e-09
61.5791123	-0.800031	9.29929e-05	5.19073e-09
61.7108759	-0.800032	9.30462e-05	3.86664e-09
61.8239724	-0.800032	9.30988e-05	3.5694e-09
61.9240292	-0.80003	9.31481e-05	2.88653e-09
62.0207756	-0.800029	9.31909e-05	1.93623e-09
62.1372574	-0.800028	9.32339e-05	1.9581e-09
62.2465111	-0.800027	9.32732e-05	1.65144e-09
62.3622834	-0.800027	9.33188e-05	5.95582e-10
62.4698211	-0.800027	9.33611e-05	8.11696e-10
62.5813255	-0.800027	9.33989e-05	1.83463e-11
62.6954015	-0.800027	9.34392e-05	3.40879e-10
62.8816195	-0.800028	9.34885e-05	2.75576e-10
62.9732812	-0.800027	9.35295e-05	1.50042e-09
63.1551862	-0.800028	9.35788e-05	1.16118e-09
63.2934756	-0.800026	9.36235e-05	2.05801e-09
63.4088205	-0.800027	9.3669e-05	1.92181e-09
63.5384971	-0.800029	9.37096e-05	2.4171e-09
63.672318	-0.800027	9.37457e-05	2.72092e-09
63.8240249	0.0999519	1.89039e-05	8.56869e-06
63.9423882	0.0999527	1.60624e-05	1.47897e-06
64.1023014	0.0999515	1.54938e-05	3.61879e-07
64.2300355	0.0999525	1.53609e-05	1.80563e-07
64.350774	0.0999519	1.52936e-05	1.18217e-07
64.6230415	0.099951	1.52327e-05	4.11861e-08
64.6675707	0.0999503	1.52106e-05	3.73018e-08
64.8053446	0.0999503	1.51937e-05	3.50043e-08
64.9489013	0.0999509	1.51788e-05	3.30599e-08
65.0544578	0.0999508	1.51693e-05	3.17564e-08
65.1952152	0.099951	1.51591e-05	3.0407e-08
65.3248044	0.0999518	1.51525e-05	2.95492e-08
65.4540362	0.0999517	1.51456e-05	2.87884e-08
65.583247	0.0999525	1.51408e-05	2.81243e-08
65.7136874	0.0999505	1.51354e-05	2.76497e-08
65.8477713	0.0999519	1.51311e-05	2.69745e-08
66.0145862	0.0999513	1.51265e-05	2.65847e-08
66.130474	0.0999528	1.51232e-05	2.5939e-08
66.2385688	0.0999525	1.51199e-05	2.5535e-08
66.3679027	0.0999531	1.51172e-05	2.53266e-08
66.4947659	0.099954	1.51142e-05	2.48352e-08
66.6207979	0.0999537	1.51118e-05	2.47337e-08
66.748444	0.0999534	1.51097e-05	2.43309e-08
66.9252545	-0.800025	9.72585e-05	8.32442e-06
67.025982	-0.800027	9.32962e-05	1.13973e-06
67.2040159	-0.800025	9.28854e-05	3.7571e-07
67.3019419	-0.800025	9.28949e-05	2.38718e-07
67.4162759	-0.800026	9.29548e-05	1.803e-07
67.5449996	-0.800024	9.30229e-05	1.50465e-07
67.664317	-0.800023	9.31048e-05	1.30381e-07
67.7833679	-0.800022	9.3184e-05	1.16624e-07
67.9162569	-0.800023	9.32619e-05	1.05815e-07
68.1518842	-0.800024	9.33752e-05	2.29117e-08
68.2144144	-0.800024	9.34464e-05	1.95038e-08
68.3458812	-0.800022	9.35206e-05	1.74286e-08
68.4719353	-0.800023	9.35882e-05	1.50437e-08
68.6056891	-0.800025	9.36569e-05	1.3141e-08
68.7197409	-0.800024	9.37162e-05	1.15525e-08
68.8433315	-0.800023	9.37749e-05	9.6735e-09
68.9661688	-0.800022	9.38353e-05	8.82891e-09
69.075103	-0.800023	9.3885e-05	7.12199e-09
69.218091	-0.800023	9.39431e-05	6.38438e-09
69.3502481	-0.800023	9.39983e-05	5.25703e-09
69.4597483	-0.800022	9.40467e-05	4.05488e-09
69.5983054	-0.800023	9.40996e-05	3.78996e-09
69.714769	-0.800023	9.41423e-05	2.31271e-09
69.8193285	-0.800024	9.41887e-05	1.82153e-09
69.9592069	-0.800023	9.4231e-05	1.22027e-09
70.0691494	-0.800022	9.42721e-05	4.51243e-10
70.1982927	-0.800023	9.43157e-05	3.25406e-10
70.3262169	-0.800022	9.43564e-05	6.71279e-10
70.4500816	-0.800023	9.4398e-05	8.42345e-10
70.5765577	-0.800022	9.44379e-05	1.08123e-09
70.7092623	-0.800022	9.44771e-05	2.08836e-09
70.8076329	-0.800022	9.45116e-05	1.86808e-09
71.0259145	-0.800021	9.45612e-05	2.86956e-09
71.0809655	-0.800021	9.4594e-05	2.75027e-09
71.2339874	-0.800023	9.46298e-05	3.17794e-09
71.3484251	-0.800022	9.46645e-05	3.14522e-09
71.4719037	-0.800023	9.46949e-05	3.29169e-09
71.6114357	-0.800024	9.47281e-05	3.77848e-09
71.7288021	-0.800023	9.47604e-05	3.58624e-09
71.8912324	0.0999537	1.85471e-05	8.64641e-06
72.0018352	0.0999528	1.60307e-05	1.38513e-06
72.1465712	0.0999536	1.55469e-05	3.74957e-07
72.2470158	0.0999533	1.54099e-05	1.92602e-07
72.3690911	0.0999536	1.53376e-05	1.27222e-07
72.6779325	0.0999542	1.52706e-05	4.17014e-08
72.7090959	0.0999572	1.5249e-05	3.77096e-08
72.8318283	0.0999562	1.52319e-05	3.51871e-08
73.0282381	0.0999539	1.52184e-05	3.31712e-08
73.0965582	0.0999555	1.52061e-05	3.14044e-08
73.2003995	0.0999553	1.51982e-05	2.99571e-08
73.3243389	0.0999563	1.51923e-05	2.91329e-08
73.4563327	0.0999554	1.51849e-05	2.86952e-08
73.5835856	0.0999565	1.51796e-05	2.77702e-08
73.7030475	0.0999553	1.51743e-05	2.73714e-08
73.8295171	0.0999559	1.51704e-05	2.67353e-08
73.9652158	0.0999556	1.51665e-05	2.64398e-08
74.0845601	0.099956	1.51623e-05	2.59139e-08
74.2220655	0.0999562	1.5159e-05	2.5587e-08
74.3641072	0.0999545	1.51555e-05	2.52704e-08
74.4859053	0.0999544	1.51529e-05	2.49561e-08
74.608126	0.099955	1.51499e-05	2.47087e-08
74.7375552	0.0999554	1.51478e-05	2.4557e-08
74.888179	-0.800023	9.95824e-05	8.37226e-06
75.0310324	-0.800023	9.43313e-05	1.2483e-06
75.1958614	-0.800025	9.39283e-05	3.75176e-07
75.3750953	-0.800023	9.3936e-05	2.30007e-07
75.4553833	-0.800023	9.39927e-05	1.6227e-07
75.5730936	-0.800023	9.40543e-05	1.37236e-07
75.6985701	-0.80002	9.41212e-05	1.18989e-07
75.8168276	-0.800022	9.41864e-05	1.07536e-07
76.1187055	-0.800021	9.43033e-05	2.21485e-08
76.1722205	-0.80002	9.43734e-05	1.79924e-08
76.3040047	-0.800019	9.44407e-05	1.58391e-08
76.4105016	-0.800019	9.44979e-05	1.37762e-08
76.5565305	-0.80002	9.45567e-05	1.10429e-08
76.6688956	-0.800021	9.4615e-05	1.00408e-08
76.7925439	-0.800021	9.46689e-05	8.01565e-09
76.9110297	-0.800022	9.47216e-05	6.91595e-09
77.0422811	-0.800019	9.47711e-05	6.06095e-09
77.1570841	-0.80002	9.48185e-05	4.34873e-09
77.302188	-0.800021	9.48672e-05	3.93351e-09
77.420907	-0.80002	9.49144e-05	2.78163e-09
77.5667278	-0.80002	9.49611e-05	1.60894e-09
77.6756258	-0.800022	9.50024e-05	1.20064e-09
77.7992387	-0.800022	9.50422e-05	2.01488e-10
77.9330147	-0.800021	9.50826e-05	5.70655e-11
78.0480688	-0.80002	9.51227e-05	1.19177e-09
78.1975064	-0.800022	9.51604e-05	1.49561e-09
78.3151265	-0.800021	9.51977e-05	1.92077e-09
78.4308865	-0.80002	9.52321e-05	2.50931e-09
78.5966958	-0.80002	9.52721e-05	2.51796e-09
78.7053378	-0.800018	9.53045e-05	2.90091e-09
78.8672661	-0.800019	9.53428e-05	2.86533e-09
78.9979345	-0.800021	9.53782e-05	3.19791e-09
79.105717	-0.80002	9.54083e-05	3.59136e-09
79.2340683	-0.80002	9.54373e-05	3.54664e-09
79.3499413	-0.80002	9.54697e-05	3.71726e-09
79.4666895	-0.800022	9.54963e-05	3.88386e-09
79.5978313	-0.800021	9.55228e-05	4.12145e-09
79.7257646	-0.800022	9.5551e-05	4.30341e-09
79.8888378	0.0999545	1.8383e-05	8.69022e-06
80.0038061	0.0999559	1.60338e-05	1.27187e-06
80.1506019	0.0999555	1.55609e-05	3.43109e-07
80.262007	0.0999558	1.54287e-05	1.86309e-07
80.4434032	0.0999569	1.53463e-05	1.11093e-07
80.6472001	0.0999565	1.52962e-05	4.02523e-08
80.7581918	0.0999572	1.52727e-05	3.66988e-08
80.8726363	0.0999585	1.52548e-05	3.38656e-08
81.0334983	0.099959	1.52419e-05	3.17642e-08
81.1860548	0.0999571	1.52305e-05	2.96314e-08
81.3008067	0.099957	1.52212e-05	2.87537e-08
81.4050618	0.0999587	1.52159e-05	2.78165e-08
81.5814799	0.0999586	1.5209e-05	2.72405e-08
81.6962482	0.0999587	1.52037e-05	2.65239e-08
81.8120656	0.099958	1.51999e-05	2.61373e-08
81.9234224	0.0999572	1.51958e-05	2.54574e-08
82.0583875	0.0999569	1.51924e-05	2.52597e-08
82.182301	0.0999573	1.51883e-05	2.4917e-08
82.31419	0.099958	1.51861e-05	2.4479e-08
82.4323479	0.0999562	1.51833e-05	2.42648e-08
82.5543854	0.0999548	1.51805e-05	2.3995e-08
82.6872978	0.0999573	1.51786e-05	2.36699e-08
82.8201554	0.0999556	1.51753e-05	2.35297e-08
82.9934442	-0.800018	9.92612e-05	8.40465e-06
83.107472	-0.800017	9.51512e-05	1.15156e-06
83.2588559	-0.800016	9.47467e-05	3.6214e-07
83.3590034	-0.800017	9.47284e-05	2.29529e-07
83.4845591	-0.800018	9.47647e-05	1.72908e-07
83.6123813000001	-0.800017	9.4812e-05	1.41331e-07
83.729996	-0.800018	9.48747e-05	1.21682e-07
83.8579290000001	-0.800018	9.49349e-05	1.0753e-07
84.0941718000001	-0.80002	9.50243e-05	2.16531e-08
84.1922259000001	-0.800018	9.50849e-05	1.8294e-08
84.303217	-0.800017	9.51401e-05	1.52458e-08
84.3987911000001	-0.800015	9.52e-05	1.32553e-08
84.5103762000001	-0.800015	9.52473e-05	1.11825e-08
84.6218695	-0.800016	9.52957e-05	9.42458e-09
84.7536847000001	-0.800015	9.53444e-05	8.46384e-09
84.8710459000001	-0.800015	9.53909e-05	6.8594e-09
84.9838972	-0.800015	9.54356e-05	5.29925e-09
85.1397366	-0.800016	9.54812e-05	4.52073e-09
85.2606127000001	-0.800016	9.55309e-05	3.11214e-09
85.3767589	-0.800017	9.55733e-05	2.42865e-09
85.5011255	-0.800016	9.5612e-05	1.42492e-09
85.639549	-0.800015	9.56543e-05	4.04346e-10
85.7719772	-0.800015	9.56917e-05	1.19209e-13
85.9078373	-0.800016	9.57333e-05	1.01153e-09
86.0336046	-0.800015	9.57728e-05	1.12922e-09
86.1410447000001	-0.800017	9.58049e-05	1.8586e-09
86.2648726	-0.800016	9.58372e-05	2.04222e-09
86.4386514	-0.800017	9.58716e-05	2.24286e-09
86.5516188000001	-0.800015	9.59067e-05	2.49827e-09
86.6652770000001	-0.800014	9.59411e-05	2.71432e-09
86.8103199000001	-0.800013	9.59665e-05	3.27525e-09
86.9984129	-0.800017	9.60032e-05	3.29931e-09
87.1325522	-0.800015	9.60367e-05	4.00475e-09
87.230978	-0.800015	9.607e-05	3.61025e-09
87.3678579	-0.800013	9.60982e-05	4.14283e-09
87.5023771	-0.800014	9.61274e-05	4.2606e-09
87.631926	-0.800017	9.61538e-05	4.39057e-09
87.7341977	-0.800016	9.61778e-05	4.84923e-09
87.8790128	-0.800017	9.62021e-05	4.70607e-09
88.0983811	0.0999589	1.9138e-05	8.72217e-06
88.1391735	0.0999588	1.60289e-05	1.0506e-06
88.326492	0.0999582	1.5581e-05	3.28457e-07
88.4375258	0.099957	1.54319e-05	1.72163e-07
88.5672246	0.0999572	1.5368e-05	1.13825e-07
88.8244961	0.0999554	1.53196e-05	3.95378e-08
88.8921745	0.0999572	1.52948e-05	3.59325e-08
89.0248683	0.0999571	1.52788e-05	3.33158e-08
89.1864549	0.0999596	1.52664e-05	3.15657e-08
89.301933	0.0999603	1.52562e-05	2.95393e-08
89.4635245	0.0999606	1.52468e-05	2.8535e-08
89.5666433	0.0999588	1.52401e-05	2.74641e-08
89.6689612	0.0999596	1.52351e-05	2.693e-08
89.7767287	0.0999596	1.52303e-05	2.64624e-08
89.8720052	0.0999604	1.52264e-05	2.60703e-08
90.0210199	0.09996	1.52231e-05	2.54172e-08
90.1651568	0.0999606	1.52192e-05	2.51482e-08
90.386634	0.0999607	1.52141e-05	2.47991e-08
90.499978	0.0999626	1.52108e-05	2.43981e-08
90.6267642	0.0999616	1.52083e-05	2.40679e-08
90.7480265	0.0999605	1.52042e-05	2.37028e-08
90.8530639	0.0999604	1.52023e-05	2.36802e-08
90.9020111	0.0999611	1.52011e-05	2.33892e-08
91.0438245	0.0999602	1.51991e-05	2.33432e-08
91.2253089	0.099961	1.51967e-05	2.29961e-08
91.342532	0.0999603	1.51948e-05	2.2739e-08
91.4725007	0.0999589	1.51925e-05	2.2786e-08
91.6037857	0.0999584	1.51907e-05	2.23776e-08
91.7693042	0.0999592	1.51893e-05	2.24636e-08
91.9185318	0.0999597	1.51881e-05	2.19177e-08
91.9896514	0.0999601	1.51865e-05	2.20984e-08
92.0988793	0.0999604	1.51852e-05	2.20621e-08
92.2222322	0.0999608	1.51844e-05	2.17947e-08
92.3208079	0.0999614	1.5183e-05	2.17516e-08
92.4331497	0.0999614	1.51829e-05	2.17636e-08
92.5430473	0.0999598	1.51811e-05	2.15132e-08
92.6913234	0.099961	1.51801e-05	2.16368e-08
92.7855518	0.0999606	1.51791e-05	2.1393e-08
92.9199938	0.099961	1.51777e-05	2.13411e-08
93.0539714	0.0999605	1.51769e-05	2.13807e-08
93.1744486	0.0999608	1.51758e-05	2.10235e-08
93.3040768	0.0999607	1.51753e-05	2.11755e-08
93.4715033	0.0999616	1.51738e-05	2.09314e-08
93.5847592	0.0999621	1.51732e-05	2.07707e-08
93.7103663	0.099961	1.51717e-05	2.09249e-08
93.8366467	0.099961	1.51704e-05	2.0548e-08
93.9684888	0.0999618	1.51696e-05	2.08906e-08
94.1389659	0.0999625	1.5168e-05	2.04712e-08
94.2518707	0.0999612	1.51672e-05	2.06176e-08
94.3888383	0.0999613	1.51654e-05	2.01766e-08
94.6251331	0.0999618	1.51658e-05	2.0171e-08
94.721925	0.0999622	1.51644e-05	2.00377e-08
94.9012778	0.0999593	1.51628e-05	2.0419e-08
94.9482497	0.0999592	1.51619e-05	2.00776e-08
95.0826592	0.099959	1.51617e-05	1.96337e-08
95.2035378	0.0999596	1.51613e-05	1.98071e-08
95.2976635	0.0999599	1.51602e-05	1.95017e-08
95.4109564	0.09996	1.51595e-05	1.9651e-08
95.5321116	0.0999621	1.51595e-05	1.96219e-08
96.850407	0.0999627	1.51567e-05	1.92956e-08
96.7506144	0.0999614	1.51553e-05	1.92249e-08
96.8839274	0.0999599	1.51535e-05	1.93111e-08
96.9334728	0.0999609	1.51533e-05	1.90741e-08
97.2636962	0.0999625	1.5152e-05	1.90298e-08
97.2894332	0.0999623	1.51513e-05	1.88346e-08
97.4172086	0.0999615	1.5151e-05	1.89803e-08
97.579899	0.0999629	1.51505e-05	1.88274e-08
97.6925786	0.0999626	1.51505e-05	1.88514e-08
97.8250509	0.0999647	1.51486e-05	1.86484e-08
97.9617731	0.0999629	1.51487e-05	1.87686e-08
98.1048444	0.0999645	1.5148e-05	1.87681e-08
98.3327046	0.0999637	1.51475e-05	1.87232e-08
98.5166951	0.0999642	1.51471e-05	1.84584e-08
98.65778	0.0999643	1.51461e-05	1.86444e-08
98.7664736	0.0999625	1.51451e-05	1.86906e-08
98.8865028	0.099963	1.51447e-05	1.86299e-08
99.0170704	0.0999633	1.51447e-05	1.85299e-08
99.152308	0.0999637	1.51439e-05	1.84139e-08
99.2781934	0.0999645	1.5144e-05	1.84972e-08
99.4392788	0.0999651	1.5143e-05	1.85619e-08
99.5533354	0.0999665	1.51432e-05	1.84925e-08
99.6968083	0.0999665	1.51426e-05	1.85205e-08
99.8135537	0.0999663	1.51417e-05	1.83461e-08
100.0098516	0.0999647	1.51418e-05	1.85501e-08
100.0967935	0.0999657	1.51411e-05	1.8388e-08
100.2203641	0.0999664	1.51407e-05	1.84868e-08
100.3627362	0.0999648	1.51399e-05	1.83296e-08
100.5077637	0.0999662	1.51395e-05	1.83898e-08
100.6960132	0.0999663	1.51394e-05	1.82426e-08
100.7746384	0.0999646	1.51386e-05	1.83127e-08
100.9786912	0.0999658	1.51382e-05	1.85639e-08
101.1163503	-0.800012	9.86064e-05	8.43293e-06
102.8922924	-0.800012	9.46552e-05	1.20906e-07
103.2121715	-0.800012	9.50106e-05	1.8037e-08
103.5025006	-0.800016	9.52384e-05	1.17131e-08
103.3457052	-0.800015	9.5328e-05	9.52876e-09
103.4398983	-0.800015	9.53862e-05	8.3325e-09
103.6002697	-0.800016	9.5441e-05	7.69224e-09
103.7656649	-0.800015	9.5504e-05	5.99051e-09
103.9112329	-0.800013	9.55687e-05	5.55978e-09
104.0207933	-0.800015	9.56251e-05	3.99544e-09
104.1153503	-0.800016	9.56676e-05	4.12496e-09
104.2999695	-0.800014	9.57227e-05	3.21931e-09
104.4457545	-0.800015	9.57773e-05	1.94606e-09
104.5570238	-0.800014	9.58206e-05	1.49649e-09
104.7210592	-0.800013	9.58677e-05	5.1899e-10
104.8042601	-0.800013	9.59116e-05	6.79564e-10
104.9590565	-0.800014	9.59557e-05	5.88739e-10
105.0279131	-0.800012	9.59902e-05	5.94962e-10
105.1465542	-0.800012	9.60212e-05	1.19283e-09
105.2760864	-0.800012	9.60555e-05	1.41809e-09
105.4911132	-0.800013	9.61072e-05	1.41445e-09
105.5846146	-0.800012	9.61461e-05	1.98551e-09
105.7495104	-0.800012	9.61829e-05	1.91664e-09
105.8654938	-0.800014	9.62215e-05	2.63689e-09
106.0279656	-0.800012	9.62592e-05	2.43981e-09
106.1670159	0.0999639	1.89619e-05	8.63135e-06
106.3459795	0.0999643	1.5961e-05	1.32572e-06
106.5066405	0.0999635	1.55365e-05	2.6962e-07
106.6044782	0.0999632	1.54193e-05	1.39683e-07
106.8399495	0.099965	1.53475e-05	4.1399e-08
106.9362915	0.0999648	1.53176e-05	3.66742e-08
107.0508111	0.099964	1.52985e-05	3.36682e-08
107.1902925	0.0999645	1.52829e-05	3.15616e-08
107.3282333	0.0999625	1.52714e-05	2.96215e-08
107.4847706	0.0999641	1.52618e-05	2.82651e-08
107.6218588	0.0999639	1.5253e-05	2.74266e-08
108.8931442	0.0999637	1.52289e-05	2.45007e-08
108.4448049	0.0999649	1.52253e-05	2.39406e-08
109.0578956	0.0999654	1.5218e-05	2.31677e-08
109.011509	-0.800014	9.9026e-05	8.44605e-06
109.6375638	-0.800011	9.56273e-05	2.41595e-07
109.5125341	-0.800013	9.56614e-05	1.60987e-07
109.6573705	-0.800014	9.57165e-05	1.33696e-07
109.7956211	-0.800011	9.57767e-05	1.13185e-07
109.9211627	-0.80001	9.58381e-05	1.01599e-07
110.3423385	-0.800012	9.59689e-05	1.83121e-08
110.3241205	-0.800014	9.60325e-05	1.54151e-08
110.5097997	-0.800011	9.60889e-05	1.30226e-08
110.9540836	-0.800012	9.62218e-05	8.47259e-09
110.8955095	-0.800011	9.62689e-05	7.3229e-09
110.9849912	-0.800011	9.63104e-05	5.87317e-09
111.0830081	-0.80001	9.63509e-05	4.95964e-09
111.2240585	-0.800012	9.63877e-05	4.16354e-09
111.8864689	-0.800012	9.65113e-05	1.93211e-09
111.8718073	-0.800012	9.65819e-05	7.4029e-12
112.1133909	-0.800011	9.66425e-05	1.04311e-09
112.3498906	-0.80001	9.67056e-05	1.5726e-09
112.3444612	-0.800011	9.67369e-05	1.97331e-09
112.45076	-0.80001	9.67632e-05	1.91708e-09
112.5328305	-0.800011	9.67894e-05	2.14213e-09
112.670745	-0.800012	9.68162e-05	2.73069e-09
112.7981417	-0.80001	9.68493e-05	2.65061e-09
113.3348053	-0.80001	9.69245e-05	3.26507e-09
113.2260413	-0.80001	9.69512e-05	3.71749e-09
113.4734421	-0.800011	9.69887e-05	3.66672e-09
113.64259	-0.800011	9.7028e-05	4.15825e-09
113.809596	-0.80001	9.70611e-05	4.12076e-09
113.8635207	-0.800011	9.70863e-05	4.64016e-09
114.0496344	0.0999659	1.89585e-05	8.71925e-06
114.1932543	0.0999643	1.60569e-05	1.32697e-06
114.3336233	0.0999651	1.55813e-05	2.96629e-07
114.3967247	0.0999634	1.54822e-05	1.63039e-07
114.5264411	0.0999646	1.5422e-05	1.16134e-07
114.7772639	0.0999637	1.53627e-05	4.00043e-08
114.8552986	0.0999632	1.53427e-05	3.60377e-08
114.9938229	0.0999641	1.53237e-05	3.31038e-08
115.0661394	0.0999635	1.53126e-05	3.14775e-08
115.1925282	0.0999661	1.5303e-05	3.03237e-08
115.3570538	0.0999652	1.52927e-05	2.86276e-08
115.4605952	0.0999647	1.52858e-05	2.77532e-08
115.5865504	0.0999661	1.52807e-05	2.68916e-08
115.7335563	0.0999662	1.5275e-05	2.62752e-08
115.8417728	0.099969	1.52704e-05	2.55248e-08
116.0294837	0.0999685	1.52663e-05	2.51506e-08
116.1175576	0.099968	1.5263e-05	2.45535e-08
116.2591601	0.0999672	1.52591e-05	2.41833e-08
116.3807268	0.099966	1.52565e-05	2.40196e-08
116.4927448	0.099966	1.52529e-05	2.35291e-08
116.6337409	0.0999668	1.52504e-05	2.32685e-08
116.7416202	0.0999654	1.52481e-05	2.29669e-08
116.8888388	0.0999647	1.52465e-05	2.2727e-08
117.0814656	-0.800009	9.98498e-05	8.48606e-06
117.2141371	-0.800005	9.67709e-05	1.09657e-06
117.3622755	-0.800007	9.64457e-05	3.09253e-07
117.4769219	-0.800008	9.6421e-05	1.99111e-07
117.607786	-0.800009	9.64485e-05	1.53101e-07
117.8362475	-0.800011	9.65013e-05	1.23372e-07
117.9536176	-0.800012	9.65808e-05	1.02171e-07
118.1337992	-0.800012	9.66473e-05	1.96104e-08
118.2049643	-0.800012	9.66973e-05	1.59187e-08
118.408699	-0.800011	9.67594e-05	1.32887e-08
118.5159899	-0.800012	9.68065e-05	1.06076e-08
118.6414391	-0.800012	9.68549e-05	8.73743e-09
118.78588	-0.800012	9.69028e-05	7.11181e-09
118.9019328	-0.800013	9.69488e-05	5.37192e-09
119.0291099	-0.800012	9.69885e-05	4.40779e-09
119.1552971	-0.800009	9.70277e-05	2.99647e-09
119.2898288	-0.800009	9.70716e-05	2.22018e-09
119.3964087	-0.80001	9.71069e-05	1.24074e-09
119.5505932	-0.800009	9.71455e-05	5.13685e-10
119.6477414	-0.80001	9.718e-05	1.08743e-10
119.7822567	-0.80001	9.72146e-05	9.35829e-10
119.8948667	-0.800009	9.7246e-05	1.29248e-09
120.0379025	-0.80001	9.72771e-05	1.65697e-09
120.2231964	-0.800011	9.73182e-05	1.94722e-09
120.3176764	-0.800011	9.73473e-05	2.36157e-09
120.4328376	-0.800011	9.73752e-05	2.85801e-09
120.5848361	-0.80001	9.74073e-05	2.73575e-09
120.6979732	-0.800009	9.74347e-05	3.20694e-09
120.8177206	-0.80001	9.74629e-05	3.35897e-09
120.9340282	-0.80001	9.74868e-05	3.48783e-09
121.0787946	-0.80001	9.75135e-05	4.51477e-09
121.2061077	-0.80001	9.75395e-05	4.38578e-09
121.3265665	-0.80001	9.75646e-05	4.83474e-09
121.4434213	-0.800011	9.75868e-05	4.77834e-09
121.59177	-0.800011	9.7613e-05	5.10089e-09
121.6751507	-0.80001	9.76323e-05	5.24007e-09
121.8533634	-0.80001	9.7658e-05	5.2039e-09
121.939033	-0.80001	9.768e-05	5.6447e-09
122.0913343	0.0999684	1.91313e-05	8.7375e-06
122.2266889	0.0999695	1.61618e-05	1.45031e-06
122.3692355	0.099968	1.56522e-05	3.56348e-07
122.4738852	0.099969	1.5517e-05	1.89634e-07
122.5888948	0.0999687	1.54452e-05	1.23821e-07
122.8212828	0.0999686	1.53917e-05	4.09985e-08
122.9070862	0.099968	1.53667e-05	3.68341e-08
123.0494507	0.099969	1.53498e-05	3.39897e-08
123.1740172	0.0999685	1.53347e-05	3.1836e-08
123.3275608	0.0999686	1.53236e-05	2.96805e-08
123.4109301	0.0999675	1.53155e-05	2.85466e-08
123.5329167	0.0999676	1.53092e-05	2.79285e-08
123.6168121	0.0999662	1.53043e-05	2.70957e-08
123.7507122	0.0999669	1.53e-05	2.65556e-08
123.8533771	0.0999672	1.5295e-05	2.60276e-08
123.9672942	0.0999685	1.52917e-05	2.54129e-08
124.0898829	0.0999684	1.5288e-05	2.52328e-08
124.1838601	0.0999694	1.5285e-05	2.49188e-08
124.308968	0.0999682	1.52826e-05	2.45048e-08
124.4245175	0.0999674	1.52802e-05	2.43275e-08
124.5504086	0.099968	1.5277e-05	2.40483e-08
124.6718548	0.0999681	1.52744e-05	2.37653e-08
124.7890311	0.0999684	1.52723e-05	2.37368e-08
124.9013249	0.0999684	1.52702e-05	2.32881e-08
125.0283387	0.0999682	1.52684e-05	2.31488e-08
125.2281252	-0.800009	0.000100624	8.52886e-06
125.329907	-0.800008	9.74909e-05	1.11264e-06
125.5137075	-0.800007	9.70591e-05	3.49801e-07
125.6680445	-0.800007	9.70206e-05	1.88656e-07
125.7629055	-0.800005	9.70412e-05	1.47175e-07
125.8968033	-0.800007	9.7082e-05	1.20159e-07
126.0302503	-0.800008	9.71251e-05	1.04703e-07
126.2854368	-0.800008	9.71968e-05	2.0312e-08
126.3533586	-0.800007	9.72491e-05	1.61165e-08
126.4853885	-0.800008	9.72966e-05	1.37225e-08
126.6137779	-0.800009	9.73384e-05	1.07385e-08
126.7265118	-0.800009	9.7383e-05	8.66818e-09
126.8696031	-0.800008	9.74279e-05	7.05478e-09
127.001734	-0.80001	9.747e-05	4.83736e-09
127.1338165	-0.800008	9.7504e-05	4.17503e-09
127.2675608	-0.80001	9.75488e-05	2.28114e-09
127.3919055	-0.800008	9.75902e-05	1.67084e-09
127.523113	-0.800007	9.76229e-05	4.24433e-10
127.6558135	-0.800008	9.76572e-05	5.11765e-10
127.7861302	-0.800005	9.76921e-05	1.15224e-09
127.8962389	-0.800006	9.77205e-05	2.20295e-09
128.0340926	-0.800005	9.77563e-05	2.22865e-09
128.1664958	-0.800006	9.77838e-05	2.9461e-09
128.289223	-0.800006	9.78159e-05	3.1444e-09
128.4259748	-0.800005	9.78476e-05	3.5072e-09
128.5277496	-0.800006	9.78686e-05	3.97007e-09
128.681771	-0.800005	9.78977e-05	3.85462e-09
128.8034892	-0.800006	9.79254e-05	4.45044e-09
128.9358602	-0.800005	9.79523e-05	4.57962e-09
129.0651274	-0.800004	9.79787e-05	4.776e-09
129.1951676	-0.800004	9.80019e-05	5.00249e-09
129.3128431	-0.800004	9.80256e-05	4.9228e-09
129.4226192	-0.800002	9.80464e-05	5.33096e-09
129.5568821	-0.800003	9.80694e-05	5.47026e-09
129.6659037	-0.800004	9.80887e-05	5.55265e-09
129.7881972	-0.800002	9.81084e-05	5.81244e-09
129.9285562	-0.800004	9.81298e-05	5.81954e-09
130.0455049	-0.800002	9.81509e-05	6.25237e-09
130.1982659	0.0999691	1.87522e-05	8.74613e-06
130.3116161	0.0999695	1.62299e-05	1.54073e-06
130.5119686	0.09997	1.56685e-05	3.65088e-07
130.6202643	0.099969	1.55102e-05	1.68714e-07
130.7365126	0.0999701	1.54481e-05	1.12648e-07
130.985676	0.0999689	1.53978e-05	3.91715e-08
131.0333807	0.0999686	1.5378e-05	3.55873e-08
131.1799591	0.0999691	1.53628e-05	3.30375e-08
131.2996223	0.0999686	1.535e-05	3.10896e-08
131.4317118	0.0999705	1.53401e-05	2.9361e-08
131.5110854	0.0999717	1.53341e-05	2.83883e-08
131.6662795	0.099971	1.53274e-05	2.74934e-08
131.7810969	0.0999717	1.53218e-05	2.68165e-08
131.9098754	0.099971	1.53164e-05	2.63456e-08
132.0366488	0.0999704	1.53124e-05	2.56894e-08
132.1625584	0.0999725	1.53087e-05	2.53697e-08
132.3018562	0.0999718	1.53049e-05	2.48778e-08
132.4066684	0.0999719	1.53024e-05	2.45003e-08
132.5291401	0.0999695	1.52989e-05	2.42327e-08
132.647217	0.0999698	1.52959e-05	2.37906e-08
132.8657227	0.0999711	1.52943e-05	2.37061e-08
132.9173645	0.0999718	1.52911e-05	2.31806e-08
133.0412952	0.0999708	1.52889e-05	2.31396e-08
133.2638256	-0.800011	0.000101065	8.55805e-06
133.4447873	-0.80001	9.7751e-05	8.01029e-07
133.5001124	-0.800011	9.75392e-05	2.91279e-07
133.6338556	-0.800011	9.75051e-05	1.96405e-07
133.7758228	-0.800009	9.75149e-05	1.47329e-07
133.8798486	-0.800009	9.75501e-05	1.1955e-07
134.0315397	-0.800009	9.75891e-05	1.03549e-07
134.2506306	-0.800009	9.76463e-05	2.03061e-08
134.3617668	-0.800009	9.76969e-05	1.57931e-08
134.4846179	-0.80001	9.77421e-05	1.30923e-08
134.6111397	-0.80001	9.77847e-05	1.0013e-08
134.7653289	-0.80001	9.78293e-05	8.11497e-09
134.9178349	-0.800008	9.78747e-05	5.66263e-09
135.0284115	-0.800008	9.79094e-05	3.67529e-09
135.2532254	-0.800008	9.79611e-05	2.41628e-09
135.3667274	-0.80001	9.79971e-05	3.99899e-10
135.4966275	-0.800009	9.80336e-05	2.01321e-10
135.5995274	-0.800007	9.80673e-05	1.37184e-09
135.7699851	-0.800007	9.8098e-05	1.58507e-09
135.8829141	-0.800007	9.81298e-05	2.6168e-09
135.9949774	-0.800007	9.81587e-05	2.88076e-09
136.1201265	-0.800008	9.81881e-05	3.28586e-09
136.2588413	-0.800008	9.82131e-05	3.79428e-09
136.3672007	-0.800008	9.82414e-05	3.75499e-09
136.4890488	-0.800008	9.82632e-05	4.51189e-09
136.6254299	-0.800008	9.82872e-05	4.39296e-09
136.7585277	-0.800006	9.83131e-05	4.879e-09
136.8648136	-0.800005	9.83366e-05	5.27333e-09
136.9803275	-0.800006	9.83577e-05	5.14984e-09
137.1256901	-0.800005	9.83821e-05	5.75948e-09
137.2821202	-0.800003	9.8404e-05	5.74144e-09
137.4461402	-0.800004	9.8432e-05	5.86625e-09
137.5533751	-0.800004	9.84511e-05	6.07984e-09
137.7129753	-0.800003	9.84771e-05	6.35229e-09
137.8300698	-0.800003	9.84965e-05	6.52945e-09
137.9992711	-0.800003	9.85177e-05	6.67383e-09
138.1337666	-0.800004	9.854e-05	6.90662e-09
138.2868227	0.0999717	1.8772e-05	8.76081e-06
138.3989176	0.0999696	1.61894e-05	1.35477e-06
138.5754571	0.0999701	1.56654e-05	3.3931e-07
138.6813227	0.0999712	1.55277e-05	1.67732e-07
138.8130971	0.0999704	1.54616e-05	1.12112e-07
139.0558628	0.0999699	1.54121e-05	3.9026e-08
139.160134	0.0999693	1.53916e-05	3.53207e-08
139.3094016	0.0999701	1.53749e-05	3.25721e-08
139.4249381	0.0999697	1.53614e-05	3.05567e-08
139.5522055	0.0999714	1.53531e-05	2.90593e-08
139.6971918	0.0999707	1.53457e-05	2.69253e-08
139.8502353	0.0999712	1.53393e-05	2.70409e-08
139.9488301	0.0999724	1.53357e-05	2.61245e-08
140.0824192	0.0999732	1.5332e-05	2.34149e-08
140.2309471	0.0999726	1.53262e-05	2.40766e-08
140.3529729	0.0999722	1.53216e-05	2.39698e-08
140.4821039	0.099972	1.53172e-05	2.45545e-08
140.6478911	0.0999723	1.53156e-05	2.38688e-08
140.789232	0.099972	1.53122e-05	2.3704e-08
140.9359732	0.0999722	1.53098e-05	2.33271e-08
141.0637376	0.0999721	1.53072e-05	2.31778e-08
141.1654824	0.0999719	1.53046e-05	2.30922e-08
141.2475719	0.0999721	1.53029e-05	2.26724e-08
141.4067463	0.0999723	1.53006e-05	2.27262e-08
141.5225009	0.0999723	1.52993e-05	2.23874e-08
141.6595392	0.0999731	1.52977e-05	2.23345e-08
141.7732945	0.0999721	1.52958e-05	2.22168e-08
141.8712912	0.0999711	1.52953e-05	2.19622e-08
142.0197991	0.0999704	1.52942e-05	2.21026e-08
142.1295661	0.0999705	1.52927e-05	2.17425e-08
142.2697863	0.0999692	1.52913e-05	2.16727e-08
142.4012516	0.099969	1.52895e-05	2.17231e-08
142.5127494	0.0999691	1.52885e-05	2.15008e-08
142.6750309	0.0999703	1.52875e-05	2.1559e-08
142.7694262	0.0999703	1.52866e-05	2.11937e-08
142.8934892	0.0999706	1.52855e-05	2.12803e-08
143.0341664	0.0999701	1.52848e-05	2.13441e-08
143.1825718	0.0999705	1.52838e-05	2.10447e-08
143.2502782	0.0999694	1.52821e-05	2.11682e-08
143.3615573	0.0999696	1.52815e-05	2.08712e-08
143.4714667	0.0999692	1.52803e-05	2.09376e-08
143.5792656	0.0999699	1.52804e-05	2.10058e-08
143.6876893	0.0999684	1.52793e-05	2.06318e-08
143.8404793	0.0999686	1.52786e-05	2.08681e-08
143.9407344	0.0999695	1.52786e-05	2.07516e-08
144.0912149	0.0999676	1.52772e-05	2.05787e-08
144.1784261	0.0999674	1.52759e-05	2.06273e-08
144.2863076	0.0999661	1.52752e-05	2.04513e-08
144.3763727	0.0999667	1.52747e-05	2.04455e-08
144.5121563	0.0999666	1.52745e-05	2.06736e-08
144.6143891	0.0999667	1.52729e-05	2.03109e-08
144.7197312	0.0999664	1.52727e-05	2.03864e-08
144.8758461	0.0999673	1.52725e-05	2.04638e-08
145.016765	0.0999688	1.52717e-05	2.01784e-08
145.1416782	0.0999699	1.52706e-05	2.03422e-08
145.2694754	0.0999692	1.52699e-05	2.01316e-08
145.395456	0.09997	1.5269e-05	2.02007e-08
145.5324188	0.0999677	1.52683e-05	2.01872e-08
145.6614738	0.0999685	1.52677e-05	1.98937e-08
145.7745027	0.099969	1.52674e-05	2.00912e-08
145.9229363	0.099971	1.52672e-05	1.98248e-08
146.0253382	0.0999708	1.52667e-05	2.00019e-08
146.1992396	0.0999701	1.52658e-05	1.98387e-08
146.3422825	0.0999711	1.52653e-05	1.97464e-08
146.4410004	0.0999717	1.52647e-05	1.99435e-08
146.5716458	0.0999729	1.52645e-05	1.96419e-08
146.7169848	0.099972	1.52635e-05	1.97941e-08
146.84593	0.0999725	1.52627e-05	1.97001e-08
147.0022392	0.0999722	1.52621e-05	1.97946e-08
147.1223857	0.0999724	1.52618e-05	1.96902e-08
147.2835918	0.0999724	1.5261e-05	1.95208e-08
147.3831326	0.0999721	1.52608e-05	1.96878e-08
147.5056895	0.0999743	1.52604e-05	1.94313e-08
147.6461773	0.099973	1.52601e-05	1.95002e-08
147.8324167	0.0999734	1.52596e-05	1.92908e-08
147.9248338	0.0999749	1.5259e-05	1.93305e-08
148.0495383	0.0999754	1.52583e-05	1.94301e-08
148.1734626	0.0999751	1.52584e-05	1.94082e-08
148.2869851	0.099975	1.52586e-05	1.94387e-08
148.4055639	0.0999737	1.5258e-05	1.92047e-08
148.5254558	0.0999745	1.52568e-05	1.93524e-08
148.6553061	0.0999746	1.52564e-05	1.93196e-08
148.7664023	0.0999742	1.5256e-05	1.9183e-08
148.8868717	0.0999737	1.5256e-05	1.93974e-08
149.0146132	0.0999739	1.52552e-05	1.91798e-08
149.1276574	0.0999719	1.52542e-05	1.91417e-08
149.24783	0.0999731	1.52536e-05	1.9273e-08
149.3595383	0.0999733	1.5253e-05	1.89986e-08
149.5290218	0.0999734	1.52532e-05	1.92854e-08
149.5921963	0.0999735	1.5253e-05	1.89046e-08
149.7121708	0.099973	1.52526e-05	1.90822e-08
149.8164437	0.099973	1.52524e-05	1.92965e-08
149.9410517	0.0999753	1.52516e-05	1.89831e-08
150.0431618	0.0999756	1.52511e-05	1.91724e-08
150.1468648	0.0999746	1.52509e-05	1.90956e-08
150.3671311	0.0999742	1.52508e-05	1.89575e-08
150.4614465	0.099974	1.52507e-05	1.91292e-08
150.5775938	0.0999736	1.52502e-05	1.88783e-08
150.7288769	0.0999733	1.52503e-05	1.9023e-08
150.8833327	0.0999734	1.52497e-05	1.90003e-08
150.9476751	0.0999727	1.52497e-05	1.88566e-08
151.1088481	0.0999732	1.52494e-05	1.91043e-08
151.2646148	0.0999736	1.5249e-05	1.87626e-08
151.4519061	-0.800003	0.000101488	8.56348e-06
151.5413867	-0.800002	9.75397e-05	1.09232e-06
151.7072239	-0.800001	9.71011e-05	3.71598e-07
151.8525218	-0.800002	9.70353e-05	2.30318e-07
151.9697982	-0.800003	9.70498e-05	1.65003e-07
152.1302041	-0.800002	9.70843e-05	1.3685e-07
152.2463044	-0.8	9.71371e-05	1.17863e-07
152.3731198	-0.800002	9.71868e-05	1.0508e-07
152.6300041	-0.800003	9.72654e-05	2.26237e-08
152.7391054	-0.800001	9.73275e-05	1.89475e-08
152.8629519	-0.800001	9.73868e-05	1.60907e-08
152.9654639	-0.800003	9.74378e-05	1.34033e-08
153.1058684	-0.800003	9.74885e-05	1.21395e-08
153.2370997	-0.800003	9.7538e-05	9.69502e-09
153.3723834	-0.800001	9.75883e-05	8.84389e-09
153.5023944	-0.8	9.76415e-05	6.98675e-09
153.6052995	-0.8	9.76808e-05	5.71662e-09
153.7447091	-0.800001	9.77279e-05	4.80924e-09
153.8327585	-0.8	9.77644e-05	3.58131e-09
153.9378073	-0.800001	9.78029e-05	3.36066e-09
154.0788946	-0.799999	9.7842e-05	2.37814e-09
154.217355	-0.800001	9.78857e-05	1.28727e-09
154.3289384	-0.800002	9.79226e-05	1.14976e-09
154.4498806	-0.800002	9.79583e-05	1.06227e-10
154.5706502	-0.800003	9.79952e-05	3.60048e-10
154.6891039	-0.800003	9.80297e-05	9.16481e-10
154.8248147	-0.800002	9.80638e-05	2.09785e-09
154.9401142	-0.800004	9.80988e-05	2.00679e-09
155.0456877	-0.800004	9.81272e-05	2.7482e-09
155.2007867	-0.800003	9.81632e-05	2.8563e-09
155.3143105	-0.800004	9.81978e-05	3.16058e-09
155.4282727	-0.800002	9.82259e-05	3.36975e-09
155.5620853	-0.800001	9.82565e-05	3.36704e-09
155.6726769	-0.800002	9.82833e-05	4.04577e-09
155.7980369	-0.800001	9.83122e-05	3.9923e-09
155.9241673	-0.800002	9.83403e-05	4.21366e-09
156.0585452	-0.800001	9.83687e-05	4.459e-09
156.1770917	-0.8	9.83959e-05	4.51108e-09
156.3134408	-0.799999	9.8422e-05	4.95237e-09
156.4750041	0.0999743	1.87318e-05	8.73447e-06
156.5934052	0.0999741	1.61319e-05	1.38468e-06
156.7819877	0.099974	1.56416e-05	3.06731e-07
156.8842016	0.0999749	1.55224e-05	1.46504e-07
157.111293	0.0999736	1.54493e-05	4.16454e-08
157.1752179	0.0999736	1.54176e-05	3.69848e-08
157.310041	0.0999745	1.53974e-05	3.3666e-08
157.4406605	0.0999749	1.53811e-05	3.14258e-08
157.602249	0.0999765	1.53689e-05	2.93781e-08
157.7205959	0.0999766	1.53585e-05	2.81321e-08
157.8443946	0.0999756	1.5351e-05	2.73271e-08
157.9600838	0.0999757	1.53455e-05	2.65548e-08
158.1085831	0.0999756	1.53407e-05	2.61741e-08
158.2440465	0.0999753	1.53355e-05	2.55943e-08
158.3794417	0.0999769	1.53306e-05	2.48826e-08
158.4855812	0.0999764	1.53276e-05	2.46635e-08
158.6575594	0.0999774	1.53242e-05	2.39188e-08
158.7353379	0.0999771	1.53224e-05	2.3874e-08
158.8654644	0.0999765	1.53197e-05	2.34606e-08
158.9662261	0.0999763	1.53172e-05	2.32214e-08
159.0544914	0.0999765	1.53164e-05	2.31274e-08
159.211077	0.0999782	1.53138e-05	2.27044e-08
